0.0
0.0
0.0
0.0
0.0
0.0
0.0
0.0
0.0
0.0
0.0
0.01
0.01
0.01
0.01
0.01
0.01
0.01
0.01
0.01
0.01
0.01
0.01
0.01
0.01
0.01
0.02
0.02
0.02
0.02
0.02
0.02
0.02
0.02
0.02
0.02
0.02
0.02
0.02
0.02
0.02
0.02
0.02
0.02
0.02
0.02
0.03
0.03
0.03
0.03
0.03
0.03
0.03
0.03
0.03
0.03
0.03
0.03
0.03
0.03
0.03
0.03
0.03
0.03
0.03
0.03
0.03
0.03
0.03
0.03
0.03
0.03
0.03
0.03
0.03
0.03
0.03
0.03
0.03
0.03
0.04
0.04
0.04
0.04
0.04
0.04
0.04
0.04
0.04
0.04
0.04
0.04
0.04
0.04
0.04
0.04
0.04
0.04
0.04
0.04
0.04
0.04
0.04
0.04
0.04
0.05
0.05
0.05
0.05
0.05
0.05
0.05
0.05
0.05
0.05
0.05
0.06
0.06
0.06
0.06
0.06
0.06
0.06
0.06
0.06
0.06
0.06
0.06
0.06
0.06
0.06
0.06
0.06
0.06
0.06
0.07
0.07
0.07
0.07
0.07
0.07
0.07
0.07
0.07
0.07
0.07
0.07
0.07
0.07
0.07
0.07
0.07
0.07
0.08
0.08
0.08
0.08
0.08
0.08
0.08
0.08
0.08
0.09
0.09
0.09
0.09
0.09
0.09
0.09
0.09
0.09
0.09
0.09
0.09
0.09
0.09
0.09
0.09
0.09
0.09
0.09
0.09
0.09
0.09
0.09
0.09
0.1
0.1
0.1
0.1
0.1
0.1
0.1
0.1
0.1
0.1
0.1
0.1
0.1
0.1
0.1
0.1
0.11
0.11
0.11
0.11
0.11
0.11
0.11
0.11
0.12
0.12
0.12
0.12
0.12
0.12
0.12
0.12
0.12
0.12
0.12
0.12
0.12
0.12
0.12
0.12
0.12
0.12
0.12
0.12
0.12
0.12
0.12
0.12
0.12
0.13
0.13
0.13
0.13
0.13
0.13
0.13
0.13
0.13
0.13
0.13
0.13
0.13
0.13
0.13
0.13
0.13
0.13
0.13
0.13
0.13
0.13
0.13
0.13
0.14
0.14
0.14
0.14
0.14
0.14
0.14
0.14
0.14
0.14
0.14
0.14
0.14
0.14
0.15
0.15
0.15
0.15
0.15
0.15
0.15
0.15
0.15
0.15
0.15
0.15
0.15
0.15
0.15
0.15
0.15
0.15
0.16
0.16
0.16
0.16
0.16
0.16
0.16
0.16
0.16
0.16
0.16
0.16
0.16
0.16
0.16
0.16
0.16
0.16
0.16
0.16
0.16
0.16
0.16
0.16
0.16
0.16
0.16
0.16
0.16
0.16
0.16
0.16
0.16
0.16
0.16
0.16
0.16
0.17
0.17
0.17
0.17
0.17
0.17
0.17
0.17
0.17
0.17
0.17
0.17
0.17
0.17
0.17
0.17
0.17
0.17
0.17
0.17
0.17
0.17
0.17
0.17
0.17
0.17
0.17
0.17
0.18
0.18
0.18
0.18
0.18
0.18
0.18
0.18
0.18
0.18
0.18
0.18
0.18
0.18
0.18
0.18
0.18
0.18
0.18
0.18
0.18
0.19
0.19
0.19
0.19
0.19
0.19
0.19
0.19
0.19
0.19
0.19
0.19
0.19
0.19
0.19
0.19
0.19
0.19
0.19
0.19
0.19
0.19
0.19
0.2
0.2
0.2
0.2
0.2
0.2
0.2
0.2
0.2
0.2
0.2
0.2
0.2
0.2
0.2
0.2
0.2
0.2
0.2
0.2
0.2
0.2
0.2
0.2
0.2
0.2
0.2
0.2
0.2
0.2
0.2
0.21
0.21
0.21
0.21
0.21
0.21
0.21
0.21
0.21
0.21
0.21
0.21
0.21
0.21
0.21
0.21
0.21
0.21
0.21
0.21
0.22
0.22
0.22
0.22
0.22
0.22
0.22
0.22
0.22
0.22
0.22
0.22
0.22
0.22
0.22
0.22
0.22
0.22
0.22
0.22
0.22
0.23
0.23
0.23
0.23
0.23
0.23
0.23
0.23
0.23
0.23
0.23
0.23
0.23
0.23
0.23
0.23
0.23
0.23
0.23
0.23
0.24
0.24
0.24
0.24
0.24
0.24
0.24
0.24
0.24
0.24
0.24
0.24
0.24
0.24
0.25
0.25
0.25
0.25
0.25
0.25
0.25
0.25
0.25
0.25
0.25
0.25
0.25
0.25
0.25
0.25
0.25
0.25
0.25
0.25
0.25
0.25
0.25
0.26
0.26
0.26
0.26
0.26
0.26
0.26
0.26
0.26
0.26
0.26
0.26
0.26
0.26
0.26
0.26
0.26
0.26
0.26
0.26
0.26
0.27
0.27
0.27
0.27
0.27
0.27
0.27
0.27
0.27
0.27
0.27
0.27
0.27
0.27
0.28
0.28
0.28
0.28
0.28
0.28
0.28
0.28
0.28
0.28
0.28
0.28
0.28
0.28
0.28
0.28
0.28
0.28
0.28
0.29
0.29
0.29
0.29
0.29
0.29
0.29
0.29
0.29
0.29
0.29
0.29
0.29
0.29
0.29
0.29
0.29
0.29
0.29
0.3
0.3
0.3
0.3
0.3
0.3
0.3
0.3
0.3
0.3
0.3
0.3
0.3
0.3
0.3
0.3
0.31
0.31
0.31
0.31
0.31
0.31
0.31
0.31
0.31
0.31
0.31
0.31
0.31
0.31
0.31
0.31
0.31
0.31
0.31
0.31
0.32
0.32
0.32
0.32
0.32
0.32
0.32
0.32
0.32
0.32
0.32
0.32
0.32
0.32
0.32
0.32
0.33
0.33
0.33
0.33
0.33
0.33
0.33
0.33
0.33
0.33
0.33
0.33
0.33
0.33
0.33
0.33
0.33
0.34
0.34
0.34
0.34
0.34
0.34
0.34
0.34
0.34
0.34
0.34
0.34
0.34
0.34
0.34
0.34
0.34
0.34
0.35
0.35
0.35
0.35
0.35
0.35
0.35
0.35
0.35
0.35
0.35
0.35
0.35
0.35
0.35
0.35
0.35
0.35
0.35
0.35
0.35
0.35
0.35
0.35
0.35
0.36
0.36
0.36
0.36
0.36
0.36
0.36
0.36
0.36
0.36
0.36
0.36
0.36
0.36
0.36
0.36
0.36
0.36
0.36
0.36
0.36
0.36
0.36
0.36
0.37
0.37
0.37
0.37
0.37
0.37
0.37
0.37
0.37
0.37
0.37
0.37
0.38
0.38
0.38
0.38
0.38
0.38
0.38
0.38
0.38
0.38
0.38
0.38
0.38
0.38
0.38
0.38
0.38
0.38
0.39
0.39
0.39
0.39
0.39
0.39
0.39
0.39
0.39
0.4
0.4
0.4
0.4
0.4
0.4
0.4
0.4
0.4
0.4
0.4
0.4
0.4
0.4
0.4
0.4
0.4
0.41
0.41
0.41
0.41
0.41
0.41
0.41
0.41
0.41
0.41
0.41
0.41
0.42
0.42
0.42
0.42
0.42
0.42
0.42
0.42
0.42
0.42
0.42
0.42
0.42
0.42
0.42
0.42
0.42
0.42
0.42
0.42
0.42
0.42
0.42
0.42
0.42
0.42
0.42
0.42
0.43
0.43
0.43
0.43
0.43
0.43
0.43
0.43
0.43
0.43
0.43
0.43
0.43
0.43
0.43
0.44
0.44
0.44
0.44
0.44
0.44
0.44
0.44
0.44
0.44
0.44
0.44
0.44
0.44
0.45
0.45
0.45
0.45
0.45
0.45
0.45
0.45
0.45
0.45
0.46
0.46
0.46
0.46
0.46
0.46
0.46
0.46
0.46
0.46
0.46
0.46
0.46
0.46
0.46
0.46
0.46
0.46
0.46
0.46
0.46
0.46
0.46
0.46
0.47
0.47
0.47
0.47
0.47
0.47
0.47
0.47
0.47
0.47
0.47
0.47
0.48
0.48
0.48
0.48
0.48
0.48
0.48
0.48
0.48
0.48
0.48
0.49
0.49
0.49
0.49
0.49
0.49
0.49
0.49
0.49
0.49
0.49
0.49
0.49
0.49
0.49
0.49
0.49
0.49
0.49
0.49
0.5
0.5
0.5
0.5
0.5
0.5
0.5
0.5
0.5
0.5
0.5
0.51
0.51
0.51
0.51
0.51
0.51
0.51
0.51
0.51
0.51
0.51
0.51
0.51
0.51
0.51
0.51
0.51
0.51
0.51
0.51
0.51
0.52
0.52
0.52
0.52
0.52
0.52
0.52
0.52
0.52
0.52
0.52
0.52
0.52
0.53
0.53
0.53
0.53
0.53
0.53
0.53
0.53
0.53
0.53
0.53
0.53
0.53
0.53
0.53
0.53
0.54
0.54
0.54
0.54
0.54
0.54
0.54
0.54
0.54
0.54
0.54
0.54
0.54
0.54
0.55
0.55
0.55
0.55
0.55
0.55
0.55
0.55
0.55
0.55
0.55
0.55
0.55
0.55
0.55
0.55
0.56
0.56
0.56
0.56
0.56
0.56
0.56
0.56
0.56
0.56
0.56
0.56
0.56
0.56
0.57
0.57
0.57
0.57
0.57
0.57
0.57
0.57
0.57
0.57
0.57
0.57
0.58
0.58
0.58
0.58
0.58
0.58
0.58
0.58
0.58
0.58
0.58
0.58
0.58
0.58
0.58
0.58
0.58
0.58
0.58
0.58
0.58
0.59
0.59
0.59
0.59
0.59
0.59
0.59
0.59
0.59
0.59
0.59
0.59
0.59
0.59
0.59
0.6
0.6
0.6
0.6
0.6
0.6
0.6
0.61
0.61
0.61
0.61
0.61
0.61
0.61
0.61
0.61
0.61
0.61
0.61
0.61
0.61
0.61
0.61
0.61
0.61
0.61
0.61
0.61
0.61
0.61
0.61
0.61
0.61
0.61
0.61
0.61
0.61
0.61
0.61
0.61
0.61
0.61
0.61
0.61
0.61
0.61
0.62
0.62
0.62
0.62
0.62
0.62
0.62
0.62
0.62
0.62
0.62
0.62
0.62
0.62
0.62
0.62
0.62
0.62
0.62
0.63
0.63
0.63
0.63
0.63
0.63
0.63
0.63
0.63
0.63
0.63
0.63
0.63
0.63
0.64
0.64
0.64
0.64
0.64
0.64
0.64
0.64
0.64
0.64
0.64
0.64
0.64
0.64
0.64
0.64
0.64
0.65
0.65
0.65
0.65
0.65
0.65
0.65
0.65
0.65
0.65
0.65
0.65
0.66
0.66
0.66
0.66
0.66
0.66
0.66
0.66
0.67
0.67
0.67
0.67
0.67
0.67
0.67
0.67
0.67
0.67
0.67
0.67
0.67
0.68
0.68
0.68
0.68
0.68
0.68
0.68
0.68
0.68
0.68
0.68
0.68
0.68
0.68
0.68
0.68
0.69
0.69
0.69
0.69
0.69
0.69
0.69
0.69
0.69
0.69
0.69
0.69
0.7
0.7
0.7
0.7
0.7
0.7
0.7
0.7
0.7
0.7
0.7
0.7
0.7
0.71
0.71
0.71
0.71
0.71
0.71
0.71
0.71
0.71
0.71
0.71
0.71
0.71
0.71
0.71
0.71
0.71
0.71
0.72
0.72
0.72
0.72
0.72
0.72
0.72
0.72
0.72
0.72
0.72
0.72
0.72
0.72
0.72
0.72
0.72
0.72
0.72
0.72
0.73
0.73
0.73
0.73
0.73
0.73
0.73
0.73
0.73
0.73
0.74
0.74
0.74
0.74
0.74
0.74
0.74
0.74
0.74
0.74
0.74
0.74
0.74
0.74
0.74
0.75
0.75
0.75
0.75
0.75
0.75
0.75
0.75
0.75
0.75
0.75
0.75
0.75
0.75
0.75
0.75
0.76
0.76
0.76
0.76
0.76
0.76
0.76
0.76
0.76
0.76
0.76
0.76
0.77
0.77
0.77
0.77
0.77
0.77
0.77
0.77
0.77
0.77
0.77
0.77
0.78
0.78
0.78
0.78
0.78
0.78
0.78
0.78
0.78
0.78
0.78
0.78
0.78
0.78
0.78
0.78
0.78
0.79
0.79
0.79
0.79
0.79
0.79
0.79
0.79
0.8
0.8
0.8
0.8
0.8
0.8
0.8
0.8
0.8
0.8
0.8
0.8
0.8
0.81
0.81
0.81
0.81
0.81
0.81
0.81
0.81
0.81
0.81
0.81
0.81
0.81
0.82
0.82
0.82
0.82
0.82
0.82
0.82
0.82
0.82
0.82
0.82
0.82
0.82
0.82
0.82
0.82
0.82
0.83
0.83
0.83
0.83
0.83
0.83
0.83
0.83
0.83
0.83
0.84
0.84
0.84
0.84
0.84
0.84
0.84
0.84
0.84
0.84
0.85
0.85
0.85
0.85
0.85
0.85
0.85
0.86
0.86
0.86
0.86
0.86
0.86
0.86
0.86
0.86
0.86
0.86
0.86
0.86
0.86
0.86
0.86
0.87
0.87
0.87
0.87
0.87
0.87
0.87
0.87
0.87
0.87
0.87
0.87
0.87
0.87
0.88
0.88
0.88
0.88
0.88
0.89
0.89
0.89
0.89
0.9
0.9
0.9
0.9
0.9
0.9
0.9
0.9
0.91
0.91
0.91
0.91
0.91
0.91
0.91
0.91
0.91
0.91
0.92
0.92
0.92
0.92
0.92
0.92
0.92
0.92
0.92
0.92
0.93
0.93
0.93
0.93
0.93
0.93
0.93
0.94
0.94
0.94
0.94
0.94
0.94
0.94
0.94
0.95
0.95
0.95
0.95
0.96
0.96
0.96
0.96
0.96
0.96
0.96
0.96
0.96
0.96
0.96
0.96
0.96
0.96
0.97
0.97
0.97
0.97
0.97
0.97
0.98
0.98
0.98
0.98
0.98
0.98
0.98
0.98
0.98
0.98
0.98
0.98
0.98
0.98
0.98
0.99
0.99
0.99
0.99
0.99
0.99
0.99
0.99
0.99
0.99
0.99
0.99
0.99
1.0
1.0
1.0
1.0
1.0
1.0
1.0
1.0
1.0
1.01
1.01
1.01
1.01
1.01
1.01
1.01
1.01
1.01
1.02
1.02
1.02
1.02
1.02
1.02
1.02
1.02
1.02
1.02
1.03
1.03
1.03
1.03
1.03
1.03
1.03
1.03
1.03
1.03
1.04
1.04
1.04
1.04
1.04
1.05
1.05
1.05
1.05
1.05
1.05
1.05
1.05
1.05
1.05
1.05
1.06
1.06
1.06
1.06
1.06
1.06
1.06
1.06
1.07
1.07
1.07
1.07
1.07
1.08
1.08
1.08
1.08
1.08
1.08
1.08
1.08
1.08
1.08
1.09
1.09
1.09
1.09
1.09
1.09
1.09
1.09
1.09
1.09
1.09
1.1
1.1
1.1
1.1
1.1
1.1
1.1
1.1
1.1
1.1
1.1
1.1
1.1
1.1
1.1
1.11
1.11
1.11
1.11
1.11
1.11
1.11
1.11
1.11
1.12
1.12
1.12
1.12
1.12
1.12
1.12
1.12
1.12
1.13
1.13
1.13
1.13
1.13
1.13
1.13
1.13
1.13
1.13
1.13
1.13
1.14
1.14
1.14
1.14
1.14
1.14
1.14
1.14
1.14
1.14
1.14
1.15
1.15
1.15
1.15
1.15
1.15
1.15
1.15
1.15
1.15
1.15
1.15
1.15
1.16
1.16
1.16
1.16
1.16
1.16
1.16
1.17
1.17
1.17
1.17
1.17
1.17
1.17
1.17
1.17
1.17
1.17
1.17
1.17
1.17
1.17
1.17
1.18
1.18
1.18
1.18
1.18
1.18
1.18
1.18
1.19
1.19
1.19
1.19
1.19
1.19
1.19
1.19
1.19
1.19
1.19
1.2
1.2
1.2
1.2
1.2
1.2
1.21
1.21
1.21
1.21
1.21
1.21
1.21
1.21
1.21
1.21
1.22
1.22
1.22
1.22
1.22
1.22
1.22
1.22
1.22
1.22
1.22
1.23
1.24
1.24
1.24
1.24
1.24
1.24
1.24
1.24
1.24
1.24
1.24
1.24
1.24
1.24
1.24
1.24
1.24
1.25
1.25
1.25
1.25
1.25
1.25
1.25
1.26
1.26
1.26
1.26
1.26
1.26
1.26
1.26
1.26
1.26
1.26
1.27
1.27
1.27
1.27
1.27
1.27
1.27
1.27
1.27
1.27
1.27
1.27
1.27
1.27
1.27
1.27
1.27
1.27
1.27
1.27
1.27
1.28
1.28
1.28
1.28
1.28
1.28
1.28
1.28
1.28
1.28
1.29
1.29
1.29
1.29
1.29
1.29
1.29
1.29
1.29
1.3
1.3
1.3
1.3
1.3
1.3
1.31
1.31
1.31
1.31
1.31
1.31
1.32
1.32
1.32
1.32
1.32
1.32
1.32
1.32
1.33
1.33
1.33
1.33
1.34
1.34
1.34
1.34
1.34
1.34
1.34
1.34
1.35
1.35
1.35
1.36
1.36
1.36
1.36
1.37
1.37
1.37
1.37
1.37
1.37
1.37
1.38
1.38
1.38
1.38
1.39
1.39
1.39
1.39
1.39
1.39
1.39
1.4
1.4
1.4
1.4
1.4
1.4
1.41
1.41
1.41
1.41
1.41
1.41
1.41
1.41
1.41
1.42
1.42
1.42
1.42
1.42
1.42
1.42
1.43
1.43
1.43
1.43
1.43
1.43
1.43
1.43
1.43
1.44
1.44
1.44
1.44
1.44
1.44
1.44
1.44
1.44
1.44
1.44
1.44
1.44
1.45
1.45
1.45
1.45
1.45
1.45
1.46
1.46
1.46
1.47
1.47
1.47
1.47
1.47
1.47
1.47
1.47
1.47
1.47
1.47
1.47
1.47
1.47
1.48
1.48
1.48
1.48
1.48
1.48
1.49
1.49
1.49
1.49
1.49
1.49
1.5
1.5
1.5
1.5
1.5
1.51
1.51
1.51
1.51
1.51
1.51
1.51
1.51
1.51
1.51
1.51
1.51
1.51
1.51
1.51
1.51
1.52
1.52
1.52
1.52
1.52
1.52
1.52
1.53
1.53
1.54
1.54
1.54
1.54
1.54
1.54
1.54
1.55
1.55
1.55
1.55
1.55
1.55
1.55
1.56
1.56
1.56
1.56
1.56
1.56
1.56
1.56
1.56
1.56
1.56
1.56
1.57
1.57
1.57
1.57
1.57
1.57
1.57
1.58
1.58
1.58
1.58
1.58
1.58
1.58
1.58
1.58
1.59
1.59
1.59
1.59
1.59
1.6
1.6
1.6
1.6
1.61
1.61
1.61
1.61
1.61
1.62
1.62
1.62
1.62
1.62
1.62
1.62
1.62
1.63
1.63
1.63
1.63
1.63
1.63
1.63
1.63
1.64
1.64
1.64
1.64
1.65
1.65
1.65
1.65
1.66
1.66
1.66
1.67
1.67
1.67
1.67
1.67
1.67
1.67
1.69
1.69
1.69
1.69
1.69
1.69
1.69
1.7
1.7
1.7
1.7
1.7
1.7
1.7
1.7
1.7
1.7
1.7
1.71
1.71
1.71
1.71
1.71
1.71
1.71
1.71
1.72
1.72
1.72
1.72
1.72
1.73
1.73
1.73
1.74
1.74
1.74
1.74
1.74
1.74
1.74
1.74
1.75
1.75
1.75
1.75
1.75
1.75
1.75
1.75
1.75
1.75
1.75
1.75
1.75
1.75
1.75
1.75
1.75
1.75
1.76
1.76
1.76
1.76
1.76
1.76
1.76
1.76
1.76
1.76
1.76
1.76
1.76
1.76
1.77
1.77
1.77
1.77
1.77
1.77
1.77
1.77
1.78
1.78
1.78
1.79
1.79
1.79
1.8
1.8
1.8
1.8
1.8
1.8
1.81
1.81
1.81
1.81
1.81
1.81
1.82
1.82
1.82
1.82
1.82
1.83
1.83
1.83
1.83
1.83
1.83
1.83
1.84
1.84
1.84
1.84
1.84
1.84
1.84
1.85
1.85
1.85
1.86
1.86
1.87
1.87
1.87
1.87
1.87
1.87
1.88
1.88
1.88
1.89
1.89
1.89
1.89
1.89
1.89
1.9
1.9
1.91
1.91
1.91
1.91
1.91
1.92
1.92
1.92
1.93
1.93
1.93
1.93
1.94
1.94
1.94
1.94
1.94
1.94
1.94
1.95
1.95
1.95
1.95
1.95
1.95
1.95
1.95
1.95
1.96
1.96
1.96
1.96
1.97
1.97
1.97
1.98
1.98
1.98
1.98
1.98
1.98
1.98
1.98
1.99
1.99
1.99
1.99
1.99
1.99
2.0
2.0
2.01
2.01
2.01
2.01
2.01
2.01
2.02
2.02
2.02
2.02
2.02
2.03
2.03
2.03
2.03
2.03
2.03
2.03
2.03
2.03
2.04
2.04
2.04
2.04
2.04
2.04
2.04
2.04
2.04
2.05
2.05
2.05
2.05
2.06
2.06
2.06
2.07
2.07
2.07
2.07
2.07
2.08
2.08
2.08
2.08
2.09
2.09
2.1
2.11
2.11
2.11
2.11
2.11
2.11
2.11
2.12
2.12
2.12
2.12
2.12
2.12
2.12
2.12
2.13
2.13
2.13
2.14
2.14
2.14
2.14
2.15
2.15
2.15
2.15
2.15
2.17
2.17
2.17
2.17
2.18
2.18
2.18
2.19
2.19
2.19
2.19
2.19
2.19
2.2
2.2
2.2
2.2
2.2
2.2
2.2
2.2
2.21
2.22
2.22
2.22
2.23
2.23
2.23
2.24
2.24
2.24
2.26
2.26
2.26
2.27
2.27
2.27
2.28
2.28
2.28
2.29
2.29
2.29
2.29
2.29
2.3
2.31
2.31
2.32
2.32
2.32
2.32
2.33
2.33
2.33
2.33
2.34
2.34
2.34
2.34
2.34
2.35
2.35
2.36
2.36
2.36
2.37
2.37
2.38
2.38
2.38
2.38
2.39
2.39
2.39
2.39
2.4
2.4
2.4
2.41
2.41
2.41
2.41
2.42
2.42
2.42
2.42
2.43
2.43
2.44
2.44
2.44
2.44
2.44
2.44
2.44
2.44
2.45
2.45
2.45
2.45
2.45
2.45
2.45
2.45
2.46
2.47
2.47
2.47
2.47
2.47
2.48
2.48
2.48
2.48
2.48
2.48
2.48
2.49
2.49
2.49
2.49
2.49
2.49
2.49
2.49
2.49
2.49
2.5
2.5
2.51
2.51
2.51
2.52
2.52
2.52
2.52
2.52
2.52
2.52
2.52
2.52
2.52
2.52
2.53
2.53
2.53
2.53
2.53
2.53
2.53
2.53
2.54
2.54
2.55
2.55
2.55
2.55
2.56
2.56
2.56
2.56
2.57
2.57
2.57
2.58
2.58
2.58
2.58
2.58
2.58
2.58
2.58
2.59
2.59
2.59
2.59
2.59
2.6
2.6
2.6
2.6
2.6
2.61
2.61
2.61
2.62
2.62
2.62
2.62
2.62
2.63
2.63
2.63
2.63
2.64
2.64
2.64
2.64
2.65
2.65
2.65
2.65
2.65
2.66
2.66
2.66
2.66
2.66
2.66
2.66
2.68
2.68
2.68
2.68
2.68
2.68
2.69
2.69
2.69
2.69
2.69
2.7
2.7
2.7
2.71
2.71
2.71
2.71
2.72
2.72
2.73
2.73
2.73
2.73
2.73
2.73
2.73
2.73
2.73
2.74
2.74
2.74
2.74
2.74
2.75
2.75
2.75
2.76
2.76
2.76
2.76
2.77
2.78
2.78
2.78
2.78
2.78
2.79
2.79
2.79
2.79
2.8
2.81
2.81
2.81
2.81
2.81
2.81
2.82
2.82
2.82
2.83
2.83
2.83
2.83
2.83
2.83
2.83
2.84
2.84
2.84
2.84
2.85
2.85
2.85
2.85
2.85
2.86
2.86
2.86
2.86
2.87
2.87
2.87
2.87
2.88
2.88
2.88
2.88
2.88
2.89
2.89
2.9
2.9
2.91
2.91
2.91
2.92
2.92
2.93
2.94
2.94
2.94
2.94
2.94
2.94
2.94
2.94
2.95
2.95
2.95
2.95
2.95
2.95
2.95
2.95
2.95
2.95
2.97
2.97
2.97
2.97
2.98
2.98
2.98
2.99
2.99
2.99
3.0
3.01
3.02
3.02
3.02
3.02
3.04
3.04
3.05
3.05
3.05
3.06
3.06
3.06
3.06
3.07
3.08
3.08
3.1
3.1
3.1
3.1
3.11
3.11
3.11
3.12
3.12
3.12
3.12
3.12
3.13
3.13
3.13
3.13
3.13
3.16
3.16
3.16
3.16
3.16
3.17
3.17
3.17
3.17
3.17
3.18
3.18
3.18
3.19
3.19
3.21
3.21
3.21
3.21
3.21
3.21
3.22
3.22
3.22
3.22
3.23
3.24
3.24
3.24
3.24
3.25
3.25
3.26
3.26
3.26
3.26
3.26
3.26
3.26
3.26
3.26
3.27
3.27
3.27
3.27
3.27
3.28
3.29
3.29
3.29
3.29
3.3
3.3
3.31
3.33
3.33
3.33
3.34
3.34
3.34
3.35
3.36
3.36
3.36
3.37
3.37
3.37
3.37
3.38
3.38
3.38
3.38
3.39
3.39
3.39
3.4
3.4
3.4
3.42
3.42
3.42
3.44
3.44
3.45
3.45
3.45
3.48
3.48
3.48
3.48
3.48
3.5
3.51
3.52
3.53
3.53
3.53
3.54
3.54
3.54
3.54
3.54
3.54
3.54
3.54
3.54
3.55
3.55
3.56
3.56
3.57
3.57
3.58
3.59
3.59
3.59
3.6
3.61
3.61
3.61
3.62
3.63
3.64
3.64
3.64
3.64
3.65
3.65
3.66
3.67
3.67
3.68
3.68
3.69
3.69
3.7
3.7
3.71
3.71
3.72
3.72
3.72
3.72
3.72
3.72
3.73
3.74
3.74
3.74
3.75
3.75
3.76
3.77
3.77
3.77
3.77
3.77
3.78
3.79
3.79
3.79
3.8
3.8
3.81
3.82
3.82
3.83
3.83
3.84
3.84
3.84
3.86
3.87
3.87
3.88
3.88
3.89
3.9
3.91
3.91
3.91
3.91
3.92
3.93
3.94
3.95
3.96
3.96
3.96
3.97
3.97
3.97
3.98
3.98
3.98
3.98
3.99
3.99
4.0
4.0
4.01
4.01
4.01
4.01
4.02
4.02
4.02
4.03
4.03
4.03
4.03
4.04
4.04
4.04
4.04
4.05
4.06
4.07
4.08
4.08
4.08
4.09
4.09
4.09
4.1
4.11
4.11
4.11
4.12
4.14
4.15
4.15
4.17
4.18
4.19
4.19
4.2
4.2
4.2
4.21
4.22
4.22
4.22
4.22
4.23
4.23
4.23
4.23
4.23
4.23
4.24
4.24
4.26
4.26
4.27
4.28
4.28
4.28
4.29
4.29
4.3
4.3
4.3
4.3
4.3
4.31
4.33
4.33
4.33
4.34
4.35
4.36
4.36
4.36
4.37
4.38
4.38
4.38
4.39
4.39
4.39
4.39
4.39
4.39
4.4
4.41
4.42
4.43
4.43
4.43
4.43
4.44
4.44
4.44
4.44
4.45
4.46
4.46
4.47
4.48
4.49
4.5
4.5
4.5
4.52
4.53
4.53
4.54
4.54
4.54
4.54
4.55
4.55
4.55
4.55
4.56
4.56
4.58
4.58
4.59
4.59
4.6
4.6
4.6
4.61
4.62
4.62
4.62
4.64
4.65
4.65
4.67
4.68
4.68
4.69
4.7
4.71
4.71
4.71
4.72
4.72
4.73
4.74
4.74
4.75
4.75
4.75
4.76
4.76
4.76
4.76
4.76
4.77
4.78
4.79
4.79
4.8
4.8
4.81
4.81
4.81
4.82
4.82
4.84
4.84
4.85
4.85
4.85
4.85
4.85
4.85
4.85
4.87
4.87
4.88
4.88
4.9
4.9
4.9
4.9
4.9
4.9
4.91
4.92
4.93
4.94
4.94
4.94
4.95
4.96
4.97
4.97
4.98
4.98
4.98
4.99
4.99
4.99
5.0
5.02
5.03
5.03
5.06
5.08
5.08
5.08
5.08
5.09
5.1
5.12
5.13
5.15
5.16
5.16
5.17
5.17
5.17
5.18
5.19
5.19
5.21
5.21
5.21
5.21
5.22
5.22
5.22
5.23
5.23
5.24
5.25
5.26
5.26
5.26
5.27
5.28
5.28
5.28
5.29
5.29
5.29
5.3
5.3
5.31
5.31
5.31
5.32
5.33
5.34
5.35
5.35
5.35
5.36
5.37
5.37
5.37
5.38
5.38
5.39
5.43
5.43
5.44
5.45
5.45
5.46
5.46
5.47
5.48
5.48
5.48
5.49
5.5
5.5
5.52
5.52
5.52
5.52
5.52
5.54
5.55
5.56
5.56
5.58
5.6
5.6
5.6
5.61
5.61
5.61
5.64
5.64
5.64
5.65
5.65
5.65
5.65
5.66
5.67
5.69
5.69
5.69
5.69
5.71
5.71
5.74
5.74
5.74
5.75
5.75
5.75
5.75
5.76
5.77
5.77
5.77
5.78
5.78
5.81
5.82
5.82
5.84
5.85
5.86
5.87
5.88
5.9
5.9
5.91
5.92
5.94
5.95
5.95
5.96
6.02
6.04
6.05
6.08
6.08
6.08
6.09
6.1
6.1
6.11
6.11
6.13
6.13
6.14
6.14
6.14
6.14
6.14
6.17
6.19
6.19
6.19
6.19
6.21
6.22
6.23
6.23
6.24
6.24
6.25
6.26
6.27
6.29
6.29
6.29
6.31
6.31
6.31
6.33
6.34
6.35
6.36
6.36
6.36
6.36
6.38
6.38
6.39
6.39
6.43
6.44
6.44
6.46
6.47
6.47
6.47
6.48
6.48
6.49
6.49
6.51
6.52
6.54
6.55
6.56
6.56
6.56
6.56
6.57
6.57
6.59
6.6
6.6
6.6
6.61
6.61
6.61
6.62
6.63
6.63
6.63
6.63
6.63
6.64
6.64
6.65
6.66
6.67
6.68
6.69
6.7
6.7
6.7
6.71
6.73
6.75
6.75
6.75
6.76
6.77
6.78
6.78
6.78
6.79
6.79
6.8
6.8
6.81
6.81
6.84
6.84
6.84
6.85
6.85
6.85
6.87
6.88
6.89
6.92
6.93
6.93
6.94
6.94
6.95
6.96
6.97
6.97
6.98
6.99
6.99
7.0
7.01
7.01
7.01
7.02
7.03
7.03
7.04
7.04
7.05
7.08
7.09
7.09
7.1
7.11
7.12
7.14
7.14
7.16
7.17
7.17
7.18
7.19
7.19
7.2
7.21
7.26
7.27
7.27
7.28
7.31
7.34
7.34
7.38
7.38
7.39
7.41
7.43
7.44
7.45
7.45
7.46
7.46
7.46
7.48
7.48
7.49
7.51
7.51
7.54
7.57
7.57
7.58
7.59
7.6
7.6
7.61
7.61
7.67
7.68
7.68
7.68
7.68
7.68
7.73
7.75
7.75
7.76
7.79
7.81
7.81
7.81
7.83
7.83
7.83
7.83
7.84
7.85
7.86
7.86
7.87
7.88
7.89
7.95
7.95
7.96
7.97
7.97
7.98
7.99
8.01
8.03
8.03
8.04
8.06
8.07
8.07
8.12
8.17
8.17
8.17
8.18
8.2
8.22
8.23
8.25
8.27
8.27
8.31
8.31
8.34
8.35
8.36
8.41
8.42
8.43
8.46
8.49
8.5
8.53
8.56
8.58
8.58
8.58
8.59
8.61
8.61
8.62
8.63
8.66
8.68
8.69
8.71
8.72
8.75
8.75
8.76
8.77
8.81
8.82
8.82
8.84
8.85
8.85
8.86
8.86
8.87
8.88
8.9
8.93
8.94
8.96
8.97
8.97
9.01
9.04
9.05
9.05
9.05
9.07
9.08
9.08
9.1
9.16
9.16
9.17
9.18
9.18
9.25
9.25
9.26
9.26
9.27
9.31
9.32
9.33
9.33
9.34
9.37
9.42
9.42
9.44
9.48
9.52
9.55
9.55
9.55
9.57
9.58
9.6
9.61
9.61
9.64
9.65
9.66
9.66
9.7
9.7
9.7
9.8
9.8
9.82
9.83
9.86
9.86
9.88
9.9
9.9
9.96
9.96
9.96
9.97
9.98
10.02
10.02
10.03
10.03
10.05
10.07
10.07
10.07
10.12
10.15
10.21
10.22
10.22
10.23
10.24
10.27
10.28
10.29
10.32
10.33
10.36
10.36
10.4
10.4
10.41
10.42
10.43
10.45
10.47
10.48
10.49
10.5
10.5
10.5
10.5
10.52
10.57
10.58
10.58
10.63
10.64
10.65
10.68
10.75
10.77
10.79
10.8
10.82
10.84
10.86
10.87
10.87
10.87
10.89
10.96
10.97
10.98
11.01
11.01
11.1
11.1
11.1
11.14
11.14
11.16
11.16
11.16
11.18
11.18
11.19
11.23
11.23
11.24
11.24
11.26
11.26
11.27
11.28
11.28
11.3
11.3
11.35
11.37
11.39
11.44
11.44
11.45
11.48
11.48
11.48
11.51
11.53
11.54
11.54
11.56
11.57
11.58
11.72
11.73
11.82
11.83
11.84
11.86
11.87
11.9
11.94
11.96
11.99
12.0
12.06
12.07
12.09
12.13
12.14
12.17
12.23
12.27
12.3
12.32
12.33
12.35
12.37
12.38
12.38
12.39
12.39
12.43
12.44
12.47
12.49
12.52
12.52
12.53
12.54
12.58
12.59
12.61
12.66
12.67
12.7
12.73
12.76
12.77
12.85
12.9
12.91
12.94
12.95
12.99
13.0
13.07
13.08
13.11
13.13
13.18
13.19
13.2
13.2
13.22
13.23
13.23
13.26
13.28
13.29
13.31
13.35
13.36
13.37
13.38
13.41
13.42
13.43
13.43
13.44
13.44
13.5
13.51
13.53
13.54
13.54
13.57
13.57
13.58
13.65
13.67
13.69
13.72
13.73
13.76
13.79
13.8
13.86
13.91
13.92
13.93
13.95
14.03
14.09
14.11
14.13
14.13
14.17
14.17
14.2
14.26
14.27
14.3
14.3
14.33
14.33
14.38
14.52
14.55
14.63
14.67
14.7
14.71
14.73
14.74
14.77
14.78
14.84
14.85
14.85
14.88
14.88
14.91
14.93
14.93
14.95
15.01
15.1
15.1
15.12
15.14
15.15
15.16
15.17
15.22
15.23
15.27
15.28
15.37
15.41
15.43
15.48
15.5
15.51
15.53
15.54
15.56
15.6
15.64
15.66
15.67
15.88
15.9
15.91
15.95
15.98
15.98
15.98
16.01
16.03
16.04
16.05
16.06
16.08
16.19
16.21
16.23
16.27
16.39
16.39
16.39
16.39
16.4
16.49
16.49
16.5
16.52
16.54
16.6
16.62
16.64
16.65
16.66
16.66
16.69
16.7
16.71
16.73
16.75
16.77
16.8
16.82
16.83
16.83
16.85
16.86
16.97
17.06
17.08
17.1
17.11
17.17
17.22
17.23
17.24
17.43
17.48
17.49
17.54
17.54
17.57
17.6
17.6
17.61
17.65
17.66
17.69
17.73
17.76
17.8
18.03
18.03
18.06
18.07
18.13
18.16
18.18
18.26
18.3
18.31
18.37
18.4
18.43
18.44
18.51
18.57
18.64
18.67
18.7
18.71
18.74
18.74
18.81
18.83
18.87
18.89
19.04
19.05
19.09
19.11
19.28
19.34
19.37
19.44
19.53
19.54
19.54
19.59
19.6
19.62
19.64
19.74
19.78
19.78
19.9
20.03
20.04
20.2
20.21
20.23
20.28
20.3
20.31
20.57
20.62
20.64
20.74
20.81
20.91
21.11
21.14
21.26
21.29
21.3
21.5
21.52
21.55
21.55
21.6
21.68
21.68
21.71
21.83
21.85
21.93
22.01
22.25
22.37
22.48
22.49
22.51
22.54
22.61
22.69
22.72
22.73
22.74
22.87
22.95
23.2
23.21
23.21
23.22
23.45
23.56
23.83
23.86
23.88
23.93
24.11
24.13
24.36
24.42
24.49
24.55
24.87
24.94
24.95
24.95
25.13
25.18
25.18
25.43
25.46
25.57
25.57
25.62
25.73
25.74
25.79
25.9
26.12
26.13
26.15
26.33
26.33
26.39
26.45
26.55
26.69
26.74
26.78
26.83
26.94
27.13
27.38
27.39
27.52
27.55
27.66
27.87
27.9
27.91
27.95
28.03
28.04
28.23
28.28
28.32
28.42
28.43
28.44
28.45
28.48
28.57
28.66
28.73
28.86
28.86
29.13
29.19
29.35
29.39
29.39
29.46
29.49
29.63
29.79
29.82
30.16
30.18
30.18
30.23
30.34
30.54
30.73
30.89
30.91
31.07
31.19
31.32
31.39
31.5
31.68
31.95
31.99
32.04
32.06
32.12
32.35
32.36
32.37
32.41
32.44
32.51
32.55
32.58
32.62
32.63
32.92
33.0
33.11
33.2
33.41
33.73
33.85
34.05
34.17
34.2
34.24
34.36
34.47
34.51
34.62
34.74
34.83
34.87
35.13
35.24
35.41
35.43
35.51
35.81
35.91
35.91
35.98
36.22
36.43
36.44
36.46
36.54
36.57
36.81
36.95
37.19
37.45
37.58
37.79
37.86
38.67
38.7
38.75
38.77
38.94
39.0
39.16
39.17
39.22
39.23
39.36
39.41
39.81
39.83
39.86
40.06
40.97
41.11
41.34
41.4
41.4
41.45
41.47
41.49
41.92
42.04
42.58
42.66
42.77
42.78
42.91
43.25
43.32
43.53
43.61
43.76
43.92
44.2
44.42
44.57
44.61
44.63
44.64
44.67
44.78
44.79
44.85
44.93
45.01
45.15
45.45
45.52
45.54
45.72
46.43
46.43
46.61
46.71
47.26
47.7
48.01
48.19
48.22
48.22
48.41
48.58
48.85
49.28
49.52
49.97
50.5
50.71
50.74
50.86
51.03
51.13
51.14
51.19
51.19
51.23
51.33
51.48
51.74
51.77
51.96
52.17
52.24
52.25
52.43
52.65
53.4
53.4
53.62
53.72
53.91
54.32
54.39
54.43
54.46
54.53
54.67
54.89
54.95
55.09
55.09
55.68
56.53
56.59
56.59
56.82
57.01
57.14
57.46
57.6
57.61
60.17
60.62
60.65
60.79
60.94
61.87
62.27
62.44
62.75
63.16
63.17
63.27
63.39
63.49
63.54
63.58
63.69
63.86
66.67
66.74
66.82
66.97
67.26
68.1
68.29
68.34
70.15
70.85
71.22
71.47
71.67
71.75
73.14
73.73
74.58
74.86
75.25
75.74
76.11
76.63
77.3
78.61
79.07
79.79
80.38
80.43
82.7
83.21
83.26
84.82
85.04
85.25
85.34
85.58
85.75
86.77
87.68
87.92
88.01
88.23
88.44
88.99
89.07
89.43
89.62
90.17
90.36
90.48
91.69
94.61
95.88
96.03
96.17
96.7
96.75
96.79
96.84
99.1
100.06
100.23
100.67
101.34
102.16
104.56
105.58
106.51
107.12
107.71
107.75
111.23
113.37
113.7
114.53
114.66
115.46
116.36
117.67
118.69
118.69
118.8
119.11
119.42
119.64
120.53
120.66
120.74
120.75
121.18
121.36
121.44
124.67
124.74
125.06
128.6
130.26
131.88
132.0
132.46
134.21
137.07
137.35
140.18
144.35
147.34
150.55
152.22
152.43
155.0
155.54
155.76
155.86
158.58
158.62
159.03
160.16
162.02
163.36
165.86
166.4
166.42
171.09
171.64
176.11
181.56
182.71
190.55
190.97
193.5
206.88
214.48
214.75
218.17
225.15
225.51
226.34
229.18
229.59
230.68
230.73
233.17
241.21
244.9
248.4
251.24
252.15
254.68
261.24
262.33
265.16
265.26
265.93
265.94
266.16
270.94
275.39
280.05
293.27
298.5
311.69
315.79
315.79
316.58
319.83
320.63
325.0
325.03
328.13
329.02
330.89
331.12
331.86
334.6
340.35
340.86
341.92
357.62
361.43
365.07
385.27
389.08
393.26
394.69
418.61
420.83
441.71
446.3
459.29
472.2
509.97
515.87
536.08
542.27
559.13
598.67
604.45
670.9
672.24
687.89
692.55
725.28
726.64
742.27
807.47
810.46
830.64
893.17
918.47
996.62
1003.0
1009.38
1116.59
1150.03
1346.19
1380.22
1386.72
1724.83
1744.26
1816.77
1860.14
1916.82
1928.68
2025.41
2141.51
2300.41
2409.6
2447.56
2644.76
2833.93
3110.73
3418.59
3882.61
3913.3
3960.39
4108.88
4761.83
5157.85
5434.46
6259.64
8792.18
13561.02
16705.07
17007.07
24172.39
25564.25
71669.6
102944.44
137770.39