0.0057
0.0259
0.0259
0.0259
0.0259
0.0259
0.0259
0.0259
0.0259
0.0259
0.0259
0.0259
0.0259
0.0259
0.0259
0.0259
0.0259
0.0259
0.0259
0.0259
0.0259
0.1143
0.1176
0.1176
0.1385
0.1385
0.1385
0.1385
0.1415
0.1573
0.1573
0.1586
0.1586
0.2587
0.2587
0.2587
0.2587
0.2587
0.2587
0.2587
0.2587
0.2587
0.2587
0.2587
0.2587
0.2587
0.2587
0.2587
0.2587
0.2587
0.2587
0.2587
0.2587
0.2587
0.2587
0.2587
0.2587
0.2587
0.2587
0.2587
0.2587
0.2693
0.2693
0.2693
0.2693
0.3752
0.3992
0.3992
0.3992
0.3992
0.3992
0.3992
0.4546
0.4546
0.4546
0.4546
0.4546
0.4546
0.4546
0.4546
0.4546
0.4546
0.4546
0.4546
0.4546
0.4766
0.4766
0.4766
0.4766
0.4766
0.4766
0.4766
0.4766
0.4766
0.4766
0.4766
0.4766
0.4766
0.4766
0.4766
0.4766
0.4766
0.4766
0.4766
0.4766
0.4766
0.4786
0.4786
0.4786
0.5406
0.5406
0.5406
0.5406
0.5406
0.5406
0.5406
0.5406
0.5406
0.5406
0.5406
0.5406
0.5406
0.5406
0.5406
0.5406
0.5406
0.5406
0.5406
0.5406
0.5406
0.5406
0.5406
0.5406
0.5406
0.5406
0.5406
0.5406
0.8067
0.8624
0.8624
0.8624
0.8624
0.8624
0.8796
0.8796
0.8796
0.9448
0.9682
1.0083
1.3723
1.3723
1.4106
1.5137
1.5137
1.5137
1.5137
1.5137
1.5137
1.5137
1.5137
1.5137
1.5137
1.5137
1.5137
1.5137
1.7164
1.7164
1.7164
1.7164
1.7164
1.8658
1.8658
1.8658
1.9031
1.9031
1.9031
1.9031
1.9031
1.9031
1.9031
1.9031
1.9031
1.9893
1.9893
2.4404
2.8561
2.8561
3.9538
4.7849
4.7849
4.8772
4.8772
4.8772
4.8772
4.8772
4.8772
4.8772
4.8772
6.1595
